nsubj -0.96956813 -0.6683852 0.072881505 0.8743329 -0.19043566 0.2748438 -0.14362499 -0.39484066 0.043050677 0.20125805 0.84263915 -0.2352318 0.64431703 -0.61947376 0.9572679 -0.7581816
obj -0.85837096 -0.6124751 0.10376906 0.8703886 -0.3203048 0.28190577 -0.4288603 -0.3743837 0.38074395 0.28231946 0.8726536 -0.17480618 0.5901872 -0.32902482 0.9332746 -0.6150783
punct -1.7745883 -1.1704226 -0.11822291 -0.6262211 -0.4070538 0.0583411 -1.1776632 -1.4285287 -0.7140366 0.057926152 -0.6323608 -0.40704265 -1.1479537 -0.93601173 -0.9105043 -1.1217022
ccomp 0.7393402 0.4370253 0.66695464 -0.8152409 0.62931097 -0.3440843 0.3420583 0.26833192 -0.2302387 0.63752383 -0.58547556 -0.47574428 -0.4094923 -0.14642483 0.23116685 0.3143611
xcomp 0.73886806 0.63098615 -0.26447672 -0.69708604 0.3631842 0.09900981 0.50826645 0.040118035 -0.0018830901 -0.28041977 -0.67350626 0.18907076 -0.7573168 0.50573015 -0.6788848 0.751024
conj 0.23551248 0.24052086 0.23591629 0.07248351 -0.07143973 -0.18607633 -0.10925259 -0.056029167 0.008683384 -0.21860935 -0.006461463 0.272857 -0.08748625 -0.20317197 0.10394752 0.10813938
compound 0.16326393 0.35508868 0.09884564 0.39909357 0.46714866 -0.30637327 0.39409468 -0.44333282 0.1703862 -0.51248497 0.06651297 -0.014450741 -0.24220386 -0.2701012 0.10063962 0.118456446
parataxis -0.10863002 0.6180641 -0.17502502 -0.3121408 0.35121295 0.22003826 0.6332891 0.3591191 0.16137926 -0.2988793 -0.6253638 -0.24760911 0.20311806 -0.26377693 0.12322169 0.59089476
advmod -1.299761 0.16660301 -0.51098055 0.39762628 0.0013992987 0.8663723 -1.1388929 -1.3057475 -0.3974262 -0.21941465 -0.2834826 -1.3568113 -0.9066414 0.068665676 0.26420984 0.13758405
root 1.3762456 0.98253953 0.76222557 0.5082572 0.743501 0.434394 1.1295906 0.9547987 0.92091876 0.70363945 0.42592967 0.87720054 1.1695923 1.2202295 0.5825978 0.99693537
nmod -0.22624438 0.35008642 0.44937083 -0.1197182 0.27566528 -0.24880795 0.2884171 0.5817517 0.38551572 0.48348823 0.4467849 -0.29592857 0.045990713 -0.6574466 0.7987279 -0.07782608
advcl -0.7235576 -0.03766841 0.020776002 0.8082815 0.0935327 0.70515 -0.31135756 -0.3232436 0.053840686 0.24640857 0.33333427 -0.12601326 0.40388662 -0.46910042 0.332248 -0.41397423
amod 0.6068275 0.5172551 0.10422962 -0.1776943 0.6589712 -0.34317002 0.22068337 -0.39982674 -0.3056188 0.3069208 0.082712844 0.4619623 -0.8506045 0.4214522 -0.742717 0.87971437
aux -0.00069215667 -0.25340164 -0.12154005 0.8170134 -0.73936445 1.1900842 -1.3240925 -0.67671895 -0.68247217 0.28080782 0.5482998 -0.49513343 0.16116 -1.2675691 0.23622482 -0.29823592
det -0.2443709 -0.66606176 -0.4231153 0.39594665 -0.43508425 -0.37288606 -0.12502424 -0.29921427 0.2589196 -0.8571691 0.38039106 0.13270406 -1.1366906 0.5245458 -0.6899663 0.8356547
cc -0.5444678 -0.6898072 -0.9690849 0.42500642 0.16955388 0.5531693 0.20610052 -0.6272711 -1.2688355 0.03407787 -0.84785855 -1.2632234 -1.3285438 -1.1886237 -0.5130802 0.12163405
csubj 1.1955717 0.041671515 -0.2899616 0.2889395 0.040480506 0.117896944 -0.06328422 0.46439674 1.0357217 0.5418521 -0.22196811 -0.18456875 0.6606566 1.0484288 1.0675179 0.7628817
obl -1.0224686 -0.38552457 0.1028921 0.7516851 -0.1477487 0.4707991 -0.08906385 -0.3125781 0.2795865 0.488744 0.90741545 -0.35061458 0.51192224 -0.5553934 1.0263562 -0.60885674
nummod 0.7145125 -0.09895446 0.6162592 0.18264408 -0.16333859 0.24854717 0.5683675 -0.79786044 -1.0010607 -0.44434917 -0.18332572 0.47064075 -1.011743 -0.77200854 -1.0281842 0.8244673
discourse 0.3075826 0.8439248 0.02666178 -0.29677957 1.0527327 0.26599693 -0.08084532 -0.5465734 0.441392 1.0505043 0.41293252 0.23703347 -0.8081956 -0.12782966 -0.13432209 0.37131304
case 0.4544906 0.6510485 0.017079253 -0.591193 0.68772966 0.20799379 0.20694274 0.48245472 -0.98181254 -0.5980575 -0.8573786 -0.49136543 -1.0873551 0.2333948 -1.3670803 0.6668371
dep -0.20058034 0.21967527 -0.019643813 0.5712357 0.018833186 0.18949145 0.062790066 -0.27382866 0.3332814 0.38840616 1.2186524 -0.00030311267 0.3157827 0.35682365 0.14252749 0.118375264
cop -0.25277367 0.8353334 -1.0438035 0.24083237 0.4664661 -0.14235705 0.60513556 -0.87535083 -1.4142272 -0.7776215 -0.30003962 -1.4292592 -0.61693907 -0.87766486 -0.25792548 0.12566482
mark -0.061443202 0.5273279 0.1363293 0.57071364 -1.3021599 0.21885741 0.49982905 0.44322902 0.93399924 -0.5598664 0.49094164 0.4438864 1.135853 0.6750629 0.8543573 0.6273465
appos 0.6071881 0.25297707 0.29845384 -0.7650108 0.69910955 0.54755986 0.2992403 -0.055194177 0.7055082 0.7821662 -0.5106072 0.7131832 0.093913205 0.15498166 -0.12054587 1.1453934
list 0.22944179 0.6801465 0.9308677 0.3873052 0.2967941 -0.49563885 0.7780711 0.43473697 0.5287124 -0.049235124 0.6794229 -0.06025006 -0.2416252 0.88015026 0.20035079 0.17013153
iobj 0.9514035 1.1496964 0.20276217 0.36620182 0.37683475 0.3486257 -0.014473633 -0.10379587 -0.04164227 0.13717134 -0.18987602 0.02579471 0.746164 -0.10807999 -0.14857963 0.88772404
NA 0.48909742 0.7791775 0.22146761 0.41290128 1.0036122 0.20840105 0.77050954 0.33089864 0.9847586 -0.08118543 0.0010088634 0.8245209 0.0072658616 0.54689515 -0.09622542 0.8890599
vocative -0.21679963 0.20778687 0.26254475 0.89531094 -0.21874881 0.9113268 0.70871437 0.70593673 0.23010978 -0.13653332 0.8138546 0.69732684 0.8989017 0.8951604 0.62594855 0.47049358
