1. English, 7965 samples
    t=u, e=0.1 (SparkNLP)
        k=20
            List of all labels: 0.0, 1.0, 2.0, 3.0, 4.0, 5.0, 6.0, 7.0, 10.0, 11.0, 15.0, 16.0, 17.0, 19.0, 21.0
            {
              "language" : "en",
              "split" : "train",
              "accuracy" : 0.6898677195481533,
              "weightedFMeasure" : 0.7274652737840005,
              "precision" : [ 0.7136471206941888, 0.3874291602266873, 0.2820218265364733, 0.20704845814977973, 0.16370106761565836, 0.19910179640718562, 0.3292433537832311, 0.19753086419753085, 0.0, 0.0, 0.09345794392523364, 0.1782178217821782, 0.0, 0.0, 0.0, 0.2830188679245283, 0.2222222222222222, 0.18181818181818182, 0.0, 0.2024896265560166, 0.0, 0.25 ],
              "recall" : [ 0.9937751739289638, 0.9330024813895782, 0.8976234003656307, 0.5261194029850746, 0.47668393782383417, 0.5341365461847389, 0.602996254681648, 0.10457516339869281, 0.0, 0.0, 0.08064516129032258, 0.1518987341772152, 0.0, 0.0, 0.0, 0.08152173913043478, 0.020202020202020204, 0.028169014084507043, 0.0, 0.6892655367231638, 0.0, 0.008620689655172414 ],
              "fMeasure" : [ 0.8307315580042852, 0.5475063705860939, 0.42919580419580416, 0.2971548998946259, 0.24370860927152319, 0.2900763358778626, 0.42592592592592593, 0.13675213675213674, 0.0, 0.0, 0.08658008658008658, 0.1640091116173121, 0.0, 0.0, 0.0, 0.12658227848101267, 0.03703703703703704, 0.04878048780487806, 0.0, 0.3130211674150096, 0.0, 0.016666666666666666 ]
            }
        k=80
            List of all labels: 0.0, 1.0, 2.0, 3.0, 4.0, 5.0, 6.0, 7.0, 10.0, 11.0, 12.0, 13.0, 15.0, 16.0, 17.0, 19.0, 21.0
            {
              "language" : "en",
              "split" : "train",
              "accuracy" : 0.6992636580312332,
              "weightedFMeasure" : 0.7486201490345127,
              "precision" : [ 0.7215509228522109, 0.4703680598877105, 0.4217067108533554, 0.2589641434262948, 0.19547657512116318, 0.28507462686567164, 0.33, 0.20261437908496732, 0.0, 0.0, 0.24642857142857144, 0.1962457337883959, 0.46153846153846156, 0.3287671232876712, 0.0, 0.30848329048843187, 0.20689655172413793, 0.1320754716981132, 0.0, 0.2605703048180924, 0.0, 0.4 ],
              "recall" : [ 0.9948736726473819, 0.9354838709677419, 0.9305301645338209, 0.7276119402985075, 0.6269430051813472, 0.7670682730923695, 0.8651685393258427, 0.40522875816993464, 0.0, 0.0, 0.5564516129032258, 0.48523206751054854, 0.08450704225352113, 0.5052631578947369, 0.0, 0.6521739130434783, 0.12121212121212122, 0.19718309859154928, 0.0, 0.748587570621469, 0.0, 0.034482758620689655 ],
              "fMeasure" : [ 0.8364503963672748, 0.6259858862598587, 0.580387685290764, 0.3819784524975514, 0.29802955665024633, 0.41566920565832427, 0.47776628748707345, 0.27015250544662306, 0.0, 0.0, 0.34158415841584155, 0.2794653705953828, 0.14285714285714285, 0.3983402489626556, 0.0, 0.41884816753926707, 0.15286624203821655, 0.1581920903954802, 0.0, 0.38657913931436905, 0.0, 0.06349206349206349 ]
            }
        k=200
            List of all labels: 0.0, 1.0, 2.0, 3.0, 4.0, 5.0, 6.0, 7.0, 10.0, 11.0, 12.0, 13.0, 15.0, 16.0, 17.0, 19.0, 21.0, 22.0
            {
              "language" : "en",
              "split" : "train",
              "accuracy" : 0.7055670503529579,
              "weightedFMeasure" : 0.7609271462674292,
              "precision" : [ 0.7248931623931624, 0.49159120310478654, 0.4380378657487091, 0.2812071330589849, 0.22165820642978004, 0.3776595744680851, 0.37285491419656785, 0.22822822822822822, 0.0, 0.0, 0.29153605015673983, 0.2222222222222222, 0.631578947368421, 0.33472803347280333, 0.0, 0.34615384615384615, 0.20952380952380953, 0.14864864864864866, 0.0, 0.2940563086548488, 0.0, 0.4461538461538462, 0.5 ],
              "recall" : [ 0.9937751739289638, 0.9429280397022333, 0.9305301645338209, 0.7649253731343284, 0.6787564766839378, 0.8554216867469879, 0.8951310861423221, 0.49673202614379086, 0.0, 0.0, 0.75, 0.5907172995780591, 0.5070422535211268, 0.8421052631578947, 0.0, 0.782608695652174, 0.2222222222222222, 0.30985915492957744, 0.0, 0.7966101694915254, 0.0, 0.25, 0.017543859649122806 ],
              "fMeasure" : [ 0.8383011583011583, 0.6462585034013606, 0.5956699824458748, 0.4112337011033099, 0.3341836734693877, 0.5239852398523986, 0.526431718061674, 0.31275720164609055, 0.0, 0.0, 0.41986455981941306, 0.3229527104959631, 0.5625, 0.47904191616766467, 0.0, 0.48, 0.2156862745098039, 0.20091324200913244, 0.0, 0.4295506473724295, 0.0, 0.32044198895027626, 0.033898305084745756 ]
            }

2. Combined features from all the 4 languages (BigDL)

    MLP of 1 layer with hiddenSize=64

    t=u, e=0.1
        k=10:
            List of all labels: 0.0, 1.0, 2.0, 3.0, 4.0, 5.0, 9.0, 10.0, 14.0, 15.0, 18.0
            {
              "language" : "en",
              "split" : "train",
              "accuracy" : 0.7014447104216686,
              "weightedFMeasure" : 0.7328388304789721,
              "precision" : [ 0.7892535800278798, 0.22544951590594745, 0.03428571428571429, 0.02097902097902098, 0.0379746835443038, 0.12440191387559808, 0.0, 0.0, 0.0, 0.16666666666666666, 0.031578947368421054, 0.0, 0.0, 0.0, 0.18181818181818182, 0.047619047619047616, 0.0, 0.0, 0.12614678899082568 ],
              "recall" : [ 0.9936183790682833, 0.5959780621572212, 0.022388059701492536, 0.015544041450777202, 0.012048192771084338, 0.09737827715355805, 0.0, 0.0, 0.0, 0.008064516129032258, 0.012658227848101266, 0.0, 0.0, 0.0, 0.021739130434782608, 0.010101010101010102, 0.0, 0.0, 0.1553672316384181 ],
              "fMeasure" : [ 0.879723144289851, 0.32714500752634224, 0.027088036117381486, 0.01785714285714286, 0.018292682926829267, 0.1092436974789916, 0.0, 0.0, 0.0, 0.015384615384615385, 0.018072289156626505, 0.0, 0.0, 0.0, 0.038834951456310676, 0.016666666666666666, 0.0, 0.0, 0.13924050632911392 ]
            }


        k=13:
            List of all labels: 0.0, 1.0, 2.0, 3.0, 4.0, 5.0, 6.0, 9.0, 10.0, 14.0, 15.0, 18.0
            {
              "language" : "en",
              "split" : "train",
              "accuracy" : 0.7052894343922712,
              "weightedFMeasure" : 0.7381415649392539,
              "precision" : [ 0.7897083174117947, 0.24551638837353124, 0.08196721311475409, 0.07142857142857142, 0.09230769230769231, 0.21973094170403587, 0.015873015873015872, 0.0, 0.0, 0.03125, 0.11627906976744186, 0.0, 0.0, 0.0, 0.18181818181818182, 0.13333333333333333, 0.0, 0.0, 0.15315315315315314 ],
              "recall" : [ 0.9891512444160817, 0.7257769652650823, 0.03731343283582089, 0.015544041450777202, 0.024096385542168676, 0.18352059925093633, 0.006535947712418301, 0.0, 0.0, 0.008064516129032258, 0.04219409282700422, 0.0, 0.0, 0.0, 0.043478260869565216, 0.020202020202020204, 0.0, 0.0, 0.1440677966101695 ],
              "fMeasure" : [ 0.8782491677880869, 0.366913123844732, 0.05128205128205128, 0.02553191489361702, 0.038216560509554146, 0.20000000000000004, 0.009259259259259259, 0.0, 0.0, 0.01282051282051282, 0.06191950464396285, 0.0, 0.0, 0.0, 0.07017543859649122, 0.03508771929824562, 0.0, 0.0, 0.14847161572052403 ]
            }

        k=20:
            List of all labels: 0.0, 1.0, 2.0, 3.0, 4.0, 5.0, 6.0, 9.0, 10.0, 14.0, 15.0, 18.0
            {
              "language" : "en",
              "split" : "train",
              "accuracy" : 0.7190134458460467,
              "weightedFMeasure" : 0.7497774133291452,
              "precision" : [ 0.7974318658280922, 0.3058064516129032, 0.21703296703296704, 0.17159763313609466, 0.32094594594594594, 0.40540540540540543, 0.05555555555555555, 0.0, 0.0, 0.08695652173913043, 0.17768595041322313, 0.0, 0.0, 0.0, 0.33766233766233766, 0.3333333333333333, 0.0, 0.0, 0.26358695652173914 ],
              "recall" : [ 0.9709636247606892, 0.8665447897623401, 0.2947761194029851, 0.15025906735751296, 0.3815261044176707, 0.33707865168539325, 0.0196078431372549, 0.0, 0.0, 0.016129032258064516, 0.18143459915611815, 0.0, 0.0, 0.0, 0.14130434782608695, 0.04040404040404041, 0.0, 0.0, 0.5480225988700564 ],
              "fMeasure" : [ 0.87568345323741, 0.45207439198855504, 0.25, 0.16022099447513813, 0.3486238532110092, 0.3680981595092025, 0.02898550724637681, 0.0, 0.0, 0.027210884353741496, 0.1795407098121086, 0.0, 0.0, 0.0, 0.19923371647509577, 0.07207207207207209, 0.0, 0.0, 0.35596330275229354 ]
            }

        k=80:
            List of all labels: 0.0, 1.0, 2.0, 3.0, 4.0, 5.0, 6.0, 9.0, 10.0, 11.0, 12.0, 14.0, 15.0, 16.0, 18.0, 20.0, 21.0
            {
              "language" : "en",
              "split" : "train",
              "accuracy" : 0.7230352060462546,
              "weightedFMeasure" : 0.7560453860554364,
              "precision" : [ 0.8825181758096498, 0.4761012183692596, 0.35046728971962615, 0.30303030303030304, 0.42124542124542125, 0.4187604690117253, 0.37857142857142856, 0.0, 0.0, 0.3893129770992366, 0.2660377358490566, 0.5784313725490197, 0.39565217391304347, 0.0, 0.4696969696969697, 0.34, 0.21904761904761905, 0.0, 0.3379237288135593, 0.0, 0.32710280373831774, 0.7333333333333333 ],
              "recall" : [ 0.8521059349074664, 0.9287020109689214, 0.8395522388059702, 0.7772020725388601, 0.9236947791164659, 0.9363295880149812, 0.6928104575163399, 0.0, 0.0, 0.8225806451612904, 0.5949367088607594, 0.8309859154929577, 0.9578947368421052, 0.0, 0.842391304347826, 0.5151515151515151, 0.323943661971831, 0.0, 0.9011299435028248, 0.0, 0.603448275862069, 0.19298245614035087 ],
              "fMeasure" : [ 0.8670454545454547, 0.6294919454770755, 0.4945054945054945, 0.4360465116279069, 0.578616352201258, 0.5787037037037037, 0.48960739030023087, 0.0, 0.0, 0.5284974093264249, 0.3676662320730118, 0.6820809248554914, 0.5599999999999999, 0.0, 0.603112840466926, 0.40963855421686746, 0.26136363636363635, 0.0, 0.4915254237288136, 0.0, 0.42424242424242425, 0.3055555555555555 ]
            }

        k=200:
            List of all labels: 0.0, 1.0, 2.0, 3.0, 4.0, 5.0, 6.0, 7.0, 8.0, 9.0, 10.0, 11.0, 12.0, 13.0, 14.0, 15.0, 16.0, 18.0, 19.0, 20.0, 21.0
            {
              "language" : "en",
              "split" : "train",
              "accuracy" : 0.7775200206484738,
              "weightedFMeasure" : 0.8037135704576785,
              "precision" : [ 0.9273108509522977, 0.5535135135135135, 0.5552995391705069, 0.47074468085106386, 0.5517241379310345, 0.5667396061269147, 0.4391891891891892, 0.8, 0.3684210526315789, 0.5280373831775701, 0.3366733466933868, 0.6634615384615384, 0.5290697674418605, 0.45454545454545453, 0.5454545454545454, 0.46629213483146065, 0.47580645161290325, 0.0, 0.45454545454545453, 0.5333333333333333, 0.507177033492823, 0.6172839506172839 ],
              "recall" : [ 0.8466815571155073, 0.9360146252285192, 0.8992537313432836, 0.917098445595855, 0.963855421686747, 0.9700374531835206, 0.8496732026143791, 0.5, 0.25, 0.9112903225806451, 0.7088607594936709, 0.971830985915493, 0.9578947368421052, 0.7352941176470589, 0.9456521739130435, 0.8383838383838383, 0.8309859154929577, 0.0, 0.9463276836158192, 0.7272727272727273, 0.9137931034482759, 0.8771929824561403 ],
              "fMeasure" : [ 0.8851638729046784, 0.6956521739130435, 0.6866096866096866, 0.6221441124780317, 0.7017543859649122, 0.7154696132596686, 0.579064587973274, 0.6153846153846154, 0.2978723404255319, 0.6686390532544378, 0.45652173913043476, 0.7885714285714286, 0.6816479400749065, 0.5617977528089887, 0.6918489065606361, 0.5992779783393501, 0.6051282051282052, 0.0, 0.614115490375802, 0.6153846153846153, 0.6523076923076923, 0.7246376811594202 ]
            }

    learningRate=5E-4, k=50
        List of all labels: 0.0, 1.0, 2.0, 3.0, 4.0, 5.0, 6.0, 7.0, 8.0, 9.0, 10.0, 11.0, 12.0, 13.0, 14.0, 15.0, 16.0, 18.0, 19.0, 20.0, 21.0
        {
          "language" : "en",
          "split" : "train",
          "accuracy" : 0.7844900763754352,
          "weightedFMeasure" : 0.8077306866357675,
          "precision" : [ 0.9361626878868258, 0.5924170616113744, 0.6085858585858586, 0.5207100591715976, 0.5415730337078651, 0.6334164588528678, 0.46545454545454545, 1.0, 0.4, 0.5786802030456852, 0.3320388349514563, 0.6442307692307693, 0.5054945054945055, 0.421875, 0.5443037974683544, 0.4715909090909091, 0.5370370370370371, 0.0, 0.4667590027700831, 0.5, 0.4864864864864865, 0.6266666666666667 ],
          "recall" : [ 0.8446075303126994, 0.9140767824497258, 0.8992537313432836, 0.9119170984455959, 0.9678714859437751, 0.951310861423221, 0.8366013071895425, 0.375, 0.2857142857142857, 0.9193548387096774, 0.7215189873417721, 0.9436619718309859, 0.968421052631579, 0.7941176470588235, 0.9347826086956522, 0.8383838383838383, 0.8169014084507042, 0.0, 0.9519774011299436, 0.7272727272727273, 0.9310344827586207, 0.8245614035087719 ],
          "fMeasure" : [ 0.8880315356873271, 0.7189072609633358, 0.7259036144578312, 0.6629001883239171, 0.6945244956772334, 0.7604790419161677, 0.5981308411214954, 0.5454545454545454, 0.3333333333333333, 0.7102803738317757, 0.45478723404255317, 0.7657142857142857, 0.664259927797834, 0.5510204081632654, 0.6880000000000001, 0.6036363636363636, 0.6480446927374303, 0.0, 0.6263940520446096, 0.5925925925925926, 0.6390532544378699, 0.7121212121212122 ]
        }

    learningRate=5E-4, k=100
        List of all labels: 0.0, 1.0, 2.0, 3.0, 4.0, 5.0, 6.0, 7.0, 8.0, 9.0, 10.0, 11.0, 12.0, 13.0, 14.0, 15.0, 16.0, 17.0, 18.0, 19.0, 20.0, 21.0
        {
          "language" : "en",
          "split" : "train",
          "accuracy" : 0.8371143359403044,
          "weightedFMeasure" : 0.8554174793062358,
          "precision" : [ 0.9563004563004563, 0.6006825938566553, 0.6556122448979592, 0.6838235294117647, 0.6585365853658537, 0.7471590909090909, 0.5183823529411765, 0.7272727272727273, 0.6363636363636364, 0.75, 0.37881508078994613, 0.7634408602150538, 0.6642857142857143, 0.6181818181818182, 0.685823754789272, 0.5859872611464968, 0.6454545454545455, 1.0, 0.5579119086460033, 0.9166666666666666, 0.6823529411764706, 0.75 ],
          "recall" : [ 0.8693363114231014, 0.9652650822669104, 0.9589552238805971, 0.9637305699481865, 0.9759036144578314, 0.9850187265917603, 0.9215686274509803, 1.0, 1.0, 0.9919354838709677, 0.890295358649789, 1.0, 0.9789473684210527, 1.0, 0.9728260869565217, 0.9292929292929293, 1.0, 1.0, 0.9661016949152542, 1.0, 1.0, 1.0 ],
          "fMeasure" : [ 0.9107471168310212, 0.7405329593267883, 0.7787878787878788, 0.8, 0.7864077669902912, 0.8497576736672052, 0.6635294117647059, 0.8421052631578948, 0.7777777777777778, 0.8541666666666666, 0.5314861460957179, 0.8658536585365854, 0.7914893617021277, 0.7640449438202247, 0.8044943820224719, 0.7187499999999999, 0.7845303867403315, 1.0, 0.7073422957600827, 0.9565217391304348, 0.8111888111888113, 0.8571428571428571 ]
        }

    learningRate=5E-4, k=200
        List of all labels: 0.0, 1.0, 2.0, 3.0, 4.0, 5.0, 6.0, 7.0, 8.0, 9.0, 10.0, 11.0, 12.0, 13.0, 14.0, 15.0, 16.0, 17.0, 18.0, 19.0, 20.0, 21.0
        {
          "language" : "en",
          "split" : "train",
          "accuracy" : 0.8337641410155234,
          "weightedFMeasure" : 0.8531464008674033,
          "precision" : [ 0.9536470176666083, 0.6043829296424452, 0.6816976127320955, 0.7026022304832714, 0.6648351648351648, 0.7338935574229691, 0.45714285714285713, 0.6153846153846154, 0.627906976744186, 0.6739130434782609, 0.38461538461538464, 0.7888888888888889, 0.7642276422764228, 0.5862068965517241, 0.6026490066225165, 0.47959183673469385, 0.7319587628865979, 0.8888888888888888, 0.5537459283387622, 0.7333333333333333, 0.7073170731707317, 0.6867469879518072 ],
          "recall" : [ 0.8698149329929802, 0.9579524680073126, 0.9589552238805971, 0.9792746113989638, 0.9718875502008032, 0.9812734082397003, 0.9411764705882353, 1.0, 0.9642857142857143, 1.0, 0.8860759493670886, 1.0, 0.9894736842105263, 1.0, 0.9891304347826086, 0.9494949494949495, 1.0, 1.0, 0.96045197740113, 1.0, 1.0, 1.0 ],
          "fMeasure" : [ 0.9098039215686275, 0.7411598302687411, 0.7968992248062016, 0.8181818181818182, 0.7895595432300163, 0.8397435897435898, 0.6153846153846154, 0.761904761904762, 0.7605633802816901, 0.8051948051948052, 0.5363984674329502, 0.8819875776397516, 0.8623853211009175, 0.7391304347826086, 0.7489711934156379, 0.6372881355932203, 0.8452380952380951, 0.9411764705882353, 0.7024793388429753, 0.846153846153846, 0.8285714285714285, 0.8142857142857143 ]
        }

    h=128:
        List of all labels: 0.0, 1.0, 2.0, 3.0, 4.0, 5.0, 6.0, 7.0, 8.0, 9.0, 10.0, 11.0, 12.0, 13.0, 14.0, 15.0, 16.0, 17.0, 18.0, 19.0, 20.0, 21.0
        {
          "language" : "en",
          "split" : "train",
          "accuracy" : 0.8130282202450723,
          "weightedFMeasure" : 0.8342517115118899,
          "precision" : [ 0.946958981612447, 0.6041666666666666, 0.594847775175644, 0.6584507042253521, 0.5847255369928401, 0.655860349127182, 0.4303030303030303, 0.5172413793103449, 0.4909090909090909, 0.6892655367231638, 0.3734290843806104, 0.6893203883495146, 0.6, 0.4852941176470588, 0.6338028169014085, 0.5168539325842697, 0.5384615384615384, 0.7, 0.5296875, 0.5789473684210527, 0.7125, 0.6333333333333333 ],
          "recall" : [ 0.8544990427568603, 0.9542961608775137, 0.9477611940298507, 0.9689119170984456, 0.9839357429718876, 0.9850187265917603, 0.9281045751633987, 0.9375, 0.9642857142857143, 0.9838709677419355, 0.8776371308016878, 1.0, 0.9789473684210527, 0.9705882352941176, 0.9782608695652174, 0.9292929292929293, 0.9859154929577465, 0.875, 0.9576271186440678, 1.0, 0.9827586206896551, 1.0 ],
          "fMeasure" : [ 0.8983562562898356, 0.739900779588944, 0.7309352517985612, 0.7840670859538784, 0.7335329341317366, 0.7874251497005988, 0.587991718426501, 0.6666666666666667, 0.6506024096385543, 0.8106312292358803, 0.5239294710327456, 0.8160919540229885, 0.744, 0.6470588235294118, 0.7692307692307693, 0.6642599277978339, 0.6965174129353234, 0.7777777777777777, 0.6820925553319919, 0.7333333333333334, 0.8260869565217391, 0.7755102040816326 ]
        }


====
    t=x, e=0.1, k=100, h=64
        List of all labels: 0.0, 1.0, 2.0, 3.0, 4.0, 5.0, 6.0, 9.0, 10.0, 12.0, 14.0, 15.0, 18.0
        {
          "language" : "en",
          "split" : "train",
          "accuracy" : 0.7006329755544974,
          "weightedFMeasure" : 0.7346543739495848,
          "precision" : [ 0.7943767815496242, 0.2559280457890433, 0.15027537372147914, 0.16257088846880907, 0.24031007751937986, 0.1695501730103806, 0.1225296442687747, 0.0, 0.0, 0.12874251497005987, 0.16, 0.0, 1.0, 0.0, 0.29350104821802936, 0.11764705882352941, 0.0, 0.0, 0.2724867724867725 ],
          "recall" : [ 0.9781429483088705, 0.5722120658135283, 0.7126865671641791, 0.44559585492227977, 0.6224899598393574, 0.550561797752809, 0.20261437908496732, 0.0, 0.0, 0.3467741935483871, 0.1518987341772152, 0.0, 0.042105263157894736, 0.0, 0.7608695652173914, 0.04040404040404041, 0.0, 0.0, 0.2909604519774011 ],
          "fMeasure" : [ 0.8767338767338767, 0.3536723163841808, 0.24821312540610785, 0.2382271468144044, 0.34675615212527966, 0.25925925925925924, 0.15270935960591134, 0.0, 0.0, 0.18777292576419213, 0.15584415584415584, 0.0, 0.08080808080808081, 0.0, 0.42360060514372166, 0.06015037593984963, 0.0, 0.0, 0.2814207650273224 ]
        }

    t=x, e=0.2, k=100, h=64
        List of all labels: 0.0, 1.0, 2.0, 3.0, 4.0, 5.0, 12.0, 14.0, 18.0
        {
          "language" : "en",
          "split" : "train",
          "accuracy" : 0.743787968477195,
          "weightedFMeasure" : 0.7593967768377613,
          "precision" : [ 0.7956493921944977, 0.3592592592592593, 0.42857142857142855, 0.2, 0.453125, 0.3333333333333333, 0.0, 0.0, 0.0, 0.0, 0.0, 0.0, 1.0, 0.0, 0.6818181818181818, 0.0, 0.0, 0.0, 0.4 ],
          "recall" : [ 0.9920229738353542, 0.1773308957952468, 0.08955223880597014, 0.0051813471502590676, 0.11646586345381527, 0.003745318352059925, 0.0, 0.0, 0.0, 0.0, 0.0, 0.0, 0.021052631578947368, 0.0, 0.32608695652173914, 0.0, 0.0, 0.0, 0.05649717514124294 ],
          "fMeasure" : [ 0.883050486402045, 0.2374541003671971, 0.14814814814814814, 0.010101010101010102, 0.18530351437699683, 0.007407407407407408, 0.0, 0.0, 0.0, 0.0, 0.0, 0.0, 0.041237113402061855, 0.0, 0.4411764705882353, 0.0, 0.0, 0.0, 0.09900990099009901 ]
        }

    t=x, e=0.2, k=100, h=128
        List of all labels: 0.0, 1.0, 2.0, 3.0, 4.0, 5.0, 9.0, 10.0, 12.0, 14.0, 18.0
        {
          "language" : "en",
          "split" : "train",
          "accuracy" : 0.7348368252373777,
          "weightedFMeasure" : 0.753117002702638,
          "precision" : [ 0.8205586899683501, 0.2936046511627907, 0.631578947368421, 0.2631578947368421, 0.45544554455445546, 0.3188405797101449, 0.0, 0.0, 0.0, 1.0, 0.5, 0.0, 1.0, 0.0, 0.6752136752136753, 0.0, 0.0, 0.0, 0.2757201646090535 ],
          "recall" : [ 0.9513401403956605, 0.5539305301645339, 0.08955223880597014, 0.025906735751295335, 0.36947791164658633, 0.08239700374531835, 0.0, 0.0, 0.0, 0.008064516129032258, 0.004219409282700422, 0.0, 0.010526315789473684, 0.0, 0.42934782608695654, 0.0, 0.0, 0.0, 0.3785310734463277 ],
          "fMeasure" : [ 0.8811230144070927, 0.3837872070930969, 0.15686274509803919, 0.04716981132075471, 0.40798226164079826, 0.13095238095238093, 0.0, 0.0, 0.0, 0.016, 0.008368200836820085, 0.0, 0.020833333333333332, 0.0, 0.5249169435215947, 0.0, 0.0, 0.0, 0.3190476190476191 ]
        }


    t=b, e=0.1, h=64
        k=100
            List of all labels: 0.0, 1.0, 2.0, 3.0, 4.0, 5.0, 6.0, 7.0, 8.0, 9.0, 10.0, 11.0, 12.0, 13.0, 14.0, 15.0, 16.0, 17.0, 18.0, 19.0, 20.0, 21.0
            {
              "language" : "en",
              "split" : "train",
              "accuracy" : 0.8086951300694395,
              "weightedFMeasure" : 0.8324766393827167,
              "precision" : [ 0.944377475460651, 0.5540691192865106, 0.5138592750533049, 0.5236686390532544, 0.6757575757575758, 0.583743842364532, 0.48249027237354086, 0.8421052631578947, 0.96, 0.4385245901639344, 0.35984095427435386, 0.7380952380952381, 0.6811594202898551, 0.8823529411764706, 0.5896551724137931, 0.5029940119760479, 0.5794392523364486, 1.0, 0.4114713216957606, 0.8333333333333334, 0.6707317073170732, 0.7605633802816901 ],
              "recall" : [ 0.8749202297383536, 0.9085923217550275, 0.8992537313432836, 0.917098445595855, 0.8955823293172691, 0.8876404494382022, 0.8104575163398693, 1.0, 0.8571428571428571, 0.8629032258064516, 0.7637130801687764, 0.8732394366197183, 0.9894736842105263, 0.8823529411764706, 0.9293478260869565, 0.8484848484848485, 0.8732394366197183, 0.375, 0.9322033898305084, 0.9090909090909091, 0.9482758620689655, 0.9473684210526315 ],
              "fMeasure" : [ 0.9083229813664596, 0.6883656509695291, 0.6540027137042063, 0.6666666666666667, 0.7702936096718481, 0.7043090638930164, 0.6048780487804878, 0.9142857142857143, 0.9056603773584904, 0.5815217391304348, 0.4891891891891892, 0.8, 0.8068669527896996, 0.8823529411764706, 0.7215189873417721, 0.631578947368421, 0.696629213483146, 0.5454545454545454, 0.5709342560553633, 0.8695652173913043, 0.7857142857142858, 0.8437499999999999 ]
            }

        k=200
            List of all labels: 0.0, 1.0, 2.0, 3.0, 4.0, 5.0, 6.0, 7.0, 8.0, 9.0, 10.0, 11.0, 12.0, 13.0, 14.0, 15.0, 16.0, 17.0, 18.0, 19.0, 20.0, 21.0
            {
              "language" : "en",
              "split" : "train",
              "accuracy" : 0.8098428045251249,
              "weightedFMeasure" : 0.8345085783684478,
              "precision" : [ 0.9461726668996854, 0.4727435210008937, 0.5279503105590062, 0.5191256830601093, 0.6639344262295082, 0.6764705882352942, 0.48, 1.0, 0.9032258064516129, 0.6382978723404256, 0.3482587064676617, 0.6173913043478261, 0.7916666666666666, 1.0, 0.7468879668049793, 0.5647058823529412, 0.4303030303030303, 1.0, 0.3914027149321267, 0.9166666666666666, 0.8055555555555556, 0.9827586206896551 ],
              "recall" : [ 0.8637523931078493, 0.9670932358318098, 0.9514925373134329, 0.9844559585492227, 0.9759036144578314, 0.947565543071161, 0.9411764705882353, 1.0, 1.0, 0.967741935483871, 0.8860759493670886, 1.0, 1.0, 1.0, 0.9782608695652174, 0.9696969696969697, 1.0, 1.0, 0.9774011299435028, 1.0, 1.0, 1.0 ],
              "fMeasure" : [ 0.9030859049207673, 0.6350540216086434, 0.6790945406125167, 0.6797853309481218, 0.7902439024390244, 0.7893915756630265, 0.6357615894039734, 1.0, 0.9491525423728813, 0.7692307692307693, 0.5, 0.7634408602150538, 0.8837209302325582, 1.0, 0.8470588235294119, 0.7137546468401487, 0.6016949152542374, 1.0, 0.5589660743134087, 0.9565217391304348, 0.8923076923076924, 0.9913043478260869 ]
            }

    t=d, e=0.1, h=64 (mDeBERTa, v3)

    h=64
        List of all labels: 0.0, 1.0, 2.0, 3.0, 4.0, 5.0, 6.0, 7.0, 8.0, 9.0, 10.0, 11.0, 12.0, 13.0, 14.0, 15.0, 16.0, 17.0, 18.0, 19.0, 20.0, 21.0
        {
          "language" : "en",
          "split" : "train",
          "accuracy" : 0.7610293443511675,
          "weightedFMeasure" : 0.794036737858938,
          "precision" : [ 0.8778259523072158, 0.43743199129488575, 0.3463338533541342, 0.328125, 0.4915254237288136, 0.3621533442088091, 0.419811320754717, 0.34285714285714286, 0.6206896551724138, 0.4041666666666667, 0.3079922027290448, 0.4444444444444444, 0.89, 0.36764705882352944, 0.6607142857142857, 0.5625, 0.3977272727272727, 0.6666666666666666, 0.34652278177458035, 1.0, 0.4666666666666667, 0.6031746031746031 ],
          "recall" : [ 0.904435226547543, 0.7349177330895795, 0.8283582089552238, 0.7616580310880829, 0.8152610441767069, 0.8314606741573034, 0.5816993464052288, 0.75, 0.6428571428571429, 0.782258064516129, 0.6666666666666666, 0.7887323943661971, 0.9368421052631579, 0.7352941176470589, 0.8043478260869565, 0.5454545454545454, 0.49295774647887325, 0.5, 0.8163841807909604, 0.9090909090909091, 0.8448275862068966, 0.6666666666666666 ],
          "fMeasure" : [ 0.8909319503378909, 0.548431105047749, 0.48844884488448853, 0.45865834633385333, 0.6132930513595167, 0.5045454545454545, 0.4876712328767124, 0.47058823529411753, 0.6315789473684211, 0.532967032967033, 0.42133333333333334, 0.5685279187817258, 0.9128205128205129, 0.49019607843137264, 0.7254901960784315, 0.5538461538461538, 0.44025157232704404, 0.5714285714285715, 0.4865319865319865, 0.9523809523809523, 0.6012269938650308, 0.6333333333333333 ]
        }
    h=128
        List of all labels: 0.0, 1.0, 2.0, 3.0, 4.0, 5.0, 6.0, 7.0, 8.0, 9.0, 10.0, 11.0, 12.0, 13.0, 14.0, 15.0, 16.0, 17.0, 18.0, 19.0, 20.0, 21.0
        {
          "language" : "en",
          "split" : "train",
          "accuracy" : 0.7479842824456086,
          "weightedFMeasure" : 0.7836599857255309,
          "precision" : [ 0.8856361589190929, 0.38860544217687076, 0.3573667711598746, 0.3951612903225806, 0.6357615894039735, 0.29447115384615385, 0.4256198347107438, 0.45714285714285713, 0.7272727272727273, 0.4724770642201835, 0.28482003129890454, 0.6309523809523809, 0.8932038834951457, 0.8928571428571429, 0.670995670995671, 0.5106382978723404, 0.44537815126050423, 0.5454545454545454, 0.30113636363636365, 1.0, 0.5909090909090909, 0.5168539325842697 ],
          "recall" : [ 0.8784301212507977, 0.8354661791590493, 0.8507462686567164, 0.7616580310880829, 0.7710843373493976, 0.9176029962546817, 0.673202614379085, 1.0, 0.8571428571428571, 0.8306451612903226, 0.7679324894514767, 0.7464788732394366, 0.968421052631579, 0.7352941176470589, 0.842391304347826, 0.7272727272727273, 0.7464788732394366, 0.75, 0.8983050847457628, 0.9090909090909091, 0.896551724137931, 0.8070175438596491 ],
          "fMeasure" : [ 0.8820184221065279, 0.53047011027278, 0.5033112582781457, 0.520353982300885, 0.6969147005444647, 0.445859872611465, 0.5215189873417722, 0.6274509803921569, 0.7868852459016394, 0.6023391812865497, 0.41552511415525106, 0.6838709677419356, 0.9292929292929294, 0.806451612903226, 0.7469879518072288, 0.5999999999999999, 0.5578947368421052, 0.631578947368421, 0.4510638297872341, 0.9523809523809523, 0.7123287671232877, 0.6301369863013698 ]
        }

